162969778699501569
117346249912352776
276530723345924096
409361280114229250
282515230595219456
260546338691874817
216756705596407808
474172469566111745
275245334190620673
140149699486154753
256708114718392321
182245310024777728
420045844322975765
242351388137488384
450359685774704662
285148358815776768
182598916229955585
325692954389774338
396153668820402197
388482735187951637
434164602918404098
413102952643952640
479073396383023105
434090537251897386
403882308412637186
254728766314512384
148815499965235200
228635344243916800
210067529786327051
125408283623161856
233058798401486848
440178523173552128
193877471274336256
284201997446676481
218965134566096907
421256742920388609
259525627470675978
95579865788456960
135533518934507520
333511724890062849
423220263161692161
326912151266656256
419243569820336130
206334131984924672
180297426207375361
130769947583447040
460850631004127233
408083372829704212
386941684723744768
314464315933720578
272507068081111040
336696385023901696
207852811596201985
105487308693757952
480078951927250953
246574843460321291
376089862542983170
413895894602088460
321798159846342656
125773327003418625
439373663905513473
449245081312952331
227528714534125568
474015402092134402
158750488563679232
176044343390502914
190775609532612608
422767918695317506
136282511096545281
407696607405146123
330668767073927169
66166172835385344
415570038175825930
417818189070598168
239050054789234689
326450539456102418
456157058689925120
399982462245011456
290751998322671617
448629905731747842
